기간	자치구	세대	인구	인구	인구	인구	인구	인구	인구	인구	인구	세대당인구	65세이상고령자
기간	자치구	세대	합계	합계	합계	한국인	한국인	한국인	등록외국인	등록외국인	등록외국인	세대당인구	65세이상고령자
기간	자치구	세대	계	남자	여자	계	남자	여자	계	남자	여자	세대당인구	65세이상고령자
2020.1/4	합계	4,354,006	10,013,781	4,874,995	5,138,786	9,733,655	4,742,217	4,991,438	280,126	132,778	147,348	2.24	1,518,239
2020.1/4	종로구	74,151	161,984	78,271	83,713	151,217	73,704	77,513	10,767	4,567	6,200	2.04	28,073
2020.1/4	중구	63,045	136,469	66,769	69,700	126,175	61,839	64,336	10,294	4,930	5,364	2	23,794
2020.1/4	용산구	110,895	246,165	119,961	126,204	229,579	110,667	118,912	16,586	9,294	7,292	2.07	39,439
2020.1/4	성동구	135,643	307,193	149,891	157,302	299,042	146,300	152,742	8,151	3,591	4,560	2.2	44,728
2020.1/4	광진구	165,287	365,990	176,226	189,764	350,417	169,568	180,849	15,573	6,658	8,915	2.12	48,989
2020.1/4	동대문구	165,279	362,793	178,202	184,591	346,156	171,896	174,260	16,637	6,306	10,331	2.09	60,367
2020.1/4	중랑구	182,220	400,678	198,122	202,556	395,619	196,076	199,543	5,059	2,046	3,013	2.17	66,764
2020.1/4	성북구	193,801	454,532	218,561	235,971	442,494	213,926	228,568	12,038	4,635	7,403	2.28	72,172
2020.1/4	강북구	144,805	316,750	154,141	162,609	312,985	152,747	160,238	3,765	1,394	2,371	2.16	61,660
2020.1/4	도봉구	138,595	333,495	162,774	170,721	331,238	161,879	169,359	2,257	895	1,362	2.39	60,023
2020.1/4	노원구	217,148	535,495	258,696	276,799	531,037	256,726	274,311	4,458	1,970	2,488	2.45	82,682
2020.1/4	은평구	208,209	482,509	231,953	250,556	478,019	230,147	247,872	4,490	1,806	2,684	2.3	82,245
2020.1/4	서대문구	142,109	325,875	154,502	171,373	312,642	150,051	162,591	13,233	4,451	8,782	2.2	53,038
2020.1/4	마포구	176,133	386,086	181,204	204,882	374,570	176,943	197,627	11,516	4,261	7,255	2.13	53,283
2020.1/4	양천구	177,436	460,532	226,109	234,423	456,339	224,241	232,098	4,193	1,868	2,325	2.57	62,761
2020.1/4	강서구	263,645	595,703	288,134	307,569	589,302	285,085	304,217	6,401	3,049	3,352	2.24	85,992
2020.1/4	구로구	177,275	438,308	218,970	219,338	405,837	200,558	205,279	32,471	18,412	14,059	2.29	67,432
2020.1/4	금천구	111,542	251,370	128,643	122,727	232,583	118,044	114,539	18,787	10,599	8,188	2.09	38,508
2020.1/4	영등포구	177,743	404,766	202,617	202,149	371,903	184,316	187,587	32,863	18,301	14,562	2.09	59,373
2020.1/4	동작구	181,761	407,802	196,943	210,859	395,014	191,272	203,742	12,788	5,671	7,117	2.17	63,378
2020.1/4	관악구	270,760	516,662	258,982	257,680	499,374	250,743	248,631	17,288	8,239	9,049	1.84	76,664
2020.1/4	서초구	173,580	434,801	207,877	226,924	430,568	205,787	224,781	4,233	2,090	2,143	2.48	58,332
2020.1/4	강남구	233,624	549,898	263,163	286,735	544,804	260,654	284,150	5,094	2,509	2,585	2.33	72,602
2020.1/4	송파구	279,301	680,883	329,058	351,825	674,095	325,859	348,236	6,788	3,199	3,589	2.41	89,539
2020.1/4	강동구	190,019	457,042	225,226	231,816	452,646	223,189	229,457	4,396	2,037	2,359	2.38	66,401